m,f
 
2.5277912616729736,3.260852575302124 
2.9521713256835938,5.882570266723633 
3.609665870666504,5.823563098907471 
1.431474208831787,5.26594877243042 
4.077245712280273,2.241039276123047 
-7.965542316436768,3.420302391052246 
4.684711456298828,5.213689804077148 
4.13527250289917,6.746148109436035 
1.0834085941314697,3.297698974609375 
2.376054286956787,1.4301385879516602 
4.425677299499512,1.7784459590911865 
4.169285774230957,3.8904876708984375 
0.8847403526306152,6.358987331390381 
0.4453113079071045,3.7460100650787354 
5.635031223297119,4.592910289764404 
4.885341644287109,0.8322669267654419 
7.769912242889404,5.768669128417969 
3.5406103134155273,4.310352802276611 
1.9285401105880737,5.227985382080078 
-0.21465399861335754,3.2739920616149902 
0.30902814865112305,-0.7711264491081238 
4.11904239654541,5.2801361083984375 
0.9221952557563782,9.00324821472168 
5.016831398010254,1.917686939239502 
-9.571144104003906,-11.874640464782715 
2.0474939346313477,3.8368778228759766 
1.0115630626678467,6.741952896118164 
1.6235228776931763,0.7474617958068848 
3.39900541305542,4.770354270935059 
0.5029640197753906,4.133979320526123 
-0.8277544975280762,-9.652753829956055 
-4.988979816436768,6.833291053771973 
3.822049617767334,2.1370949745178223 
3.2716212272644043,4.987040996551514 
3.1607980728149414,1.4604732990264893 
3.3970584869384766,3.733790159225464 
3.865260601043701,3.0814504623413086 
0.9480447769165039,3.367544412612915 
5.433612823486328,1.2279608249664307 
3.8400492668151855,4.344244003295898 
7.421747207641602,-4.175760269165039 
-3.0711557865142822,7.360330581665039 
4.248215198516846,-9.263198852539062 
4.635919570922852,3.4944000244140625 
4.314800262451172,1.937742829322815 
1.442829966545105,-1.6682898998260498 
2.654405117034912,5.916330337524414 
-0.3255370855331421,5.5695390701293945 
-1.1817450523376465,-1.3385238647460938 
3.2413902282714844,3.078418254852295 
1.074682354927063,2.0011672973632812 
1.1899315118789673,1.033839464187622 
1.2147295475006104,-1.5334491729736328 
2.554678440093994,3.7347586154937744 
6.952820777893066,3.8058395385742188 
5.309970378875732,0.8611224889755249 
5.954198360443115,5.460597991943359 
3.2080578804016113,0.906193733215332 

3.4698150157928467,2.9317331314086914 
5.254616737365723,2.6913681030273438 
3.524625778198242,4.971000671386719 
5.535991668701172,2.1482672691345215 
0.3008466362953186,-1.1417572498321533 
3.812594413757324,1.5371726751327515 
0.7249406576156616,3.958183765411377 
6.547091484069824,3.481766700744629 
-3.042968273162842,-1.7427496910095215 
6.698426246643066,3.2082579135894775 
5.019561767578125,3.057081699371338 
3.377232313156128,2.5734734535217285 
1.7202467918395996,1.6013920307159424 
0.40221208333969116,1.8444567918777466 
-4.941013336181641,-3.7855305671691895 
1.9890936613082886,2.8154704570770264 
4.933950424194336,4.392381191253662 
3.4268438816070557,-2.3000965118408203 
-2.2415385246276855,2.1539201736450195 
3.8702492713928223,4.628582000732422 
-6.57595157623291,2.2482800483703613 
5.363091468811035,3.1961379051208496 
2.1873607635498047,2.85764741897583 
3.6272964477539062,6.609373092651367 
4.000713348388672,2.4426541328430176 
4.841683387756348,5.978513717651367 
1.0091661214828491,4.379492282867432 
2.8002254962921143,2.8390121459960938 
6.471186637878418,3.2063119411468506 
4.506474018096924,4.077727794647217 
3.1487298011779785,3.354734420776367 
10.323881149291992,0.15772676467895508 
3.080047130584717,4.36887788772583 
4.081661224365234,3.2305190563201904 
2.0945818424224854,-0.37299859523773193 
8.462202072143555,-2.80824613571167 
5.454551696777344,3.8602166175842285 
0.061225056648254395,-1.9340733289718628 
5.132551193237305,4.687989234924316 
-1.801084041595459,1.4192169904708862 
1.4679138660430908,3.569162607192993 
0.6238198280334473,1.4465548992156982 
8.90185260772705,-1.186482548713684 
-3.226022720336914,-2.997363567352295 