m,f
 
-6.016681671142578,-0.3406238555908203 
-1.6987648010253906,-4.675562858581543 
-6.56510066986084,-0.7718653678894043 
-5.882867336273193,0.060047149658203125 
-5.688241481781006,0.13015031814575195 
-0.03324699401855469,-5.171623706817627 
-4.734480857849121,0.297607421875 
-7.337771892547607,-0.5486927032470703 
-6.416616439819336,0.6236357688903809 
-6.705972194671631,-0.09509849548339844 
-7.538771629333496,-1.0169105529785156 
-1.222076416015625,-4.10402250289917 
-0.03734016418457031,-15.691396713256836 
-6.866112232208252,0.3847990036010742 
-5.342238903045654,-0.39700746536254883 
-7.030216693878174,-0.746586799621582 
-2.570096969604492,-0.14423513412475586 
-2.806976556777954,-1.6067466735839844 
-7.248465061187744,0.24567747116088867 
-3.3367466926574707,-3.0929341316223145 
-1.1614665985107422,-8.268976211547852 
-8.168025970458984,-4.420856475830078 
-1.9774951934814453,-3.7573535442352295 
-3.0535292625427246,1.0029535293579102 
-0.92535400390625,-7.174524307250977 
-4.659483432769775,-1.3567228317260742 
-3.0663723945617676,-6.459492206573486 
-4.86015510559082,-1.4595379829406738 
-7.783533573150635,-7.873342990875244 
-6.4279985427856445,-1.9953088760375977 
1.0717945098876953,-1.228973150253296 
-3.9614274501800537,-3.7605109214782715 
-0.5541749000549316,-9.087756156921387 
-5.040501117706299,-0.17116260528564453 
-7.757430076599121,-1.0194602012634277 
-1.5636835098266602,-6.86393404006958 
-7.710941314697266,-0.9361023902893066 
-2.805854320526123,-1.368070125579834 
0.636319637298584,-8.646421432495117 
-1.1881861686706543,-7.725783348083496 
-2.429755210876465,-7.456250190734863 
-6.465845108032227,-0.6889362335205078 
-0.9680695533752441,-7.0251359939575195 
-1.2680315971374512,-7.007453918457031 
-2.1747689247131348,-4.750537872314453 
-3.165766477584839,-3.3152823448181152 
-6.404675483703613,-2.900547504425049 
-1.0937857627868652,-7.148008823394775 
-1.0862507820129395,-6.27406120300293 
-7.633697986602783,0.16731739044189453 
-1.2868003845214844,-7.906745433807373 
-4.412299156188965,-1.4052996635437012 
-8.0368013381958,-2.0816426277160645 
-7.598315715789795,-0.48622751235961914 

-1.208345890045166,-7.207794666290283 
-0.7672863006591797,-7.751307964324951 
-0.8394947052001953,-7.700085163116455 
-7.791749954223633,-2.243401527404785 
-7.008059024810791,-0.9181928634643555 
-2.714884042739868,-2.841578483581543 
-1.9172825813293457,-1.8624038696289062 
-8.662224769592285,0.28730010986328125 
-7.166857719421387,-1.391796588897705 
-5.438096046447754,-2.4594931602478027 
-1.6965699195861816,-2.06061053276062 
-6.112078666687012,-2.305799961090088 
-5.45646858215332,-3.033660411834717 
0.5229172706604004,-6.426519393920898 
-2.3755788803100586,-8.025510787963867 
-1.8925156593322754,-5.595974922180176 
-7.77375602722168,-2.339506149291992 
-1.4936552047729492,-5.890047073364258 
-2.005051612854004,-4.336723804473877 
-0.5021014213562012,-7.590831279754639 
-4.761233329772949,-1.988144874572754 
-6.076023101806641,-8.151700019836426 
-0.6487860679626465,-4.964004039764404 
-1.5902667045593262,-0.762962281703949 
-0.3932685852050781,-4.778007984161377 
-2.4825387001037598,-1.117130994796753 
0.18788671493530273,-5.506391525268555 
-1.4314465522766113,-2.074333906173706 
-1.50184965133667,-7.861783981323242 
-4.980822563171387,-0.20737934112548828 
-6.58253288269043,-1.2443318367004395 
-5.643747806549072,-0.6868686676025391 
0.09673213958740234,-3.49592924118042 
-6.2548508644104,-3.02931547164917 
-0.6883254051208496,-2.918731212615967 
-6.619948863983154,-0.6935639381408691 
-4.368046760559082,1.04905366897583 
-0.3924436569213867,-6.140250205993652 
-3.242802619934082,-3.751002788543701 
-1.837449550628662,-7.281057834625244 
-0.8009753227233887,-4.5978593826293945 
-1.220306396484375,-3.5662646293640137 
-4.754644870758057,-1.67366361618042 
-1.0024542808532715,-8.117579460144043 
-1.7908921241760254,-7.277466773986816 
-5.279696464538574,-1.2013144493103027 
-4.016983985900879,-8.309237480163574 
-8.177050590515137,-1.8215141296386719 
-4.577255725860596,-1.9658417701721191 
-1.0331177711486816,-7.803835391998291 
-9.621084213256836,-1.6309733390808105 
-0.04527473449707031,-5.821232795715332 
1.5562858581542969,-4.472716808319092 
-6.517908096313477,-0.39438581466674805 
-0.3929157257080078,-7.651937484741211 
-0.05992460250854492,-0.45434486865997314 
-7.5311079025268555,-1.1674513816833496 
-7.2790608406066895,-2.6134862899780273 
-5.56318473815918,-0.6067719459533691 
-0.6686358451843262,-7.746337413787842 
-7.052830219268799,-6.321403980255127 
-0.7228541374206543,-8.809770584106445 
-3.3044204711914062,-3.547886610031128 
-1.2985191345214844,-7.235662460327148 
-6.35842752456665,-1.0435380935668945 
-1.1936631202697754,-7.835463523864746 
-3.542196750640869,-4.660802364349365 
-5.867581844329834,1.8077001571655273 