m,f
 
0.9004778861999512,-6.930446624755859 
-8.207901000976562,-1.4645733833312988 
-1.147519588470459,-2.675081968307495 
-2.403200626373291,-6.601191520690918 
-0.9641280174255371,-4.298903942108154 
-1.9426984786987305,-1.9447720050811768 
-6.671505928039551,-1.8763914108276367 
-1.743476390838623,-5.501302242279053 
-1.551527500152588,-6.686580181121826 
0.37084293365478516,-7.020137310028076 
-5.342778205871582,-2.087756633758545 
-4.036766529083252,-0.9503574371337891 
-0.024095535278320312,-7.279180526733398 
-0.3016533851623535,-2.628654956817627 
-0.8005771636962891,-7.60244083404541 

-1.8445372581481934,-0.7467122077941895 
-7.675708770751953,-0.06741809844970703 
-1.1254496574401855,-7.983839511871338 
-6.355724811553955,-1.188425064086914 
-2.925872564315796,-6.044838905334473 
-3.045090675354004,-1.787343978881836 